! iup ilow         Eup           freq            lam         Tex         tau          Tr         fup        flow      flux_K        flux        beta         Jnu    gup   glow         Aul         Bul         Blu q
!                    K             Hz         micron           K                       K                              K km/s   erg/cm2/s                     ...                       ...         ...         ...  
!     1/    60:     1    1    1    1    1 /     3    1    1    5    4  Loop order: Tkin, dv, n_x, Ncol_x, dens
!  1.0000E+03 =    Tkin
!  1.0000E+05 =      dv
!  1.0000E+00 =     n_x
!  1.0000E+21 =  Ncol_x
!  1.0000E+12 =      H2
!  0.0000E+00 =       e
    7    6    323.4919  3.8019739E+11  7.8851792E+02   9.999E+02   2.250E+03   9.907E+02   2.163E-02   1.713E-02   1.055E+03   5.580E-05   6.665E-04   4.397E-11    9.0    7.0   3.083E-05   3.805E+07   4.892E+07 1
  230  226   5578.9592  3.8407719E+11  7.8055263E+02   1.009E+03   1.048E+01   9.996E+02   1.048E-04   8.298E-05   1.064E+03   5.804E-05   1.406E-01   3.894E-11    9.0    7.0   3.051E-05   3.652E+07   4.696E+07 1
  308  307   6304.3323  3.9267877E+11  7.6345471E+02   1.006E+03   1.964E+01   9.962E+02   1.008E-04   9.064E-05   1.060E+03   6.181E-05   7.599E-02   4.361E-11   17.0   15.0   6.190E-05   6.933E+07   7.858E+07 1
  408  405   7165.4217  3.9514864E+11  7.5868274E+02   8.057E+02   2.270E-08   1.807E-05   7.408E-05   7.585E-05   1.924E-05   1.143E-12   1.000E+00   8.538E-16   29.0   29.0   7.880E-14   8.662E-02   8.662E-02 1
!     2/    60:     1    1    1    1    2 /     3    1    1    5    4  Loop order: Tkin, dv, n_x, Ncol_x, dens
!  1.0000E+03 =    Tkin
!  1.0000E+05 =      dv
!  1.0000E+00 =     n_x
!  1.0000E+21 =  Ncol_x
!  1.0000E+10 =      H2
!  0.0000E+00 =       e
    7    6    323.4919  3.8019739E+11  7.8851792E+02   9.947E+02   2.323E+03   9.856E+02   2.221E-02   1.760E-02   1.049E+03   5.551E-05   6.456E-04   4.375E-11    9.0    7.0   3.083E-05   3.805E+07   4.892E+07 1
  230  226   5578.9592  3.8407719E+11  7.8055263E+02  -2.878E+04  -4.912E-02   1.450E+03   1.415E-05   1.100E-05   1.543E+03   8.417E-05   1.019E+00   2.436E-11    9.0    7.0   3.051E-05   3.652E+07   4.696E+07 1
  308  307   6304.3323  3.9267877E+11  7.6345471E+02  -6.342E+02  -9.552E+00   9.054E+06   3.168E-05   2.714E-05   9.638E+06   5.618E-01   4.140E+02   1.259E-08   17.0   15.0   6.190E-05   6.933E+07   7.858E+07 1
  408  405   7165.4217  3.9514864E+11  7.5868274E+02   5.080E+01   3.085E-07   1.292E-05   5.299E-05   7.697E-05   1.375E-05   8.169E-13   1.000E+00   8.538E-16   29.0   29.0   7.880E-14   8.662E-02   8.662E-02 1
!     3/    60:     1    1    1    1    3 /     3    1    1    5    4  Loop order: Tkin, dv, n_x, Ncol_x, dens
!  1.0000E+03 =    Tkin
!  1.0000E+05 =      dv
!  1.0000E+00 =     n_x
!  1.0000E+21 =  Ncol_x
!  1.0000E+07 =      H2
!  0.0000E+00 =       e
    7    6    323.4919  3.8019739E+11  7.8851792E+02   9.851E+02   2.356E+03   9.759E+02   2.231E-02   1.768E-02   1.039E+03   5.497E-05   6.365E-04   4.332E-11    9.0    7.0   3.083E-05   3.805E+07   4.892E+07 0
  230  226   5578.9592  3.8407719E+11  7.8055263E+02  -2.042E+01  -1.410E+00   9.604E+01   4.372E-07   1.379E-07   1.022E+02   5.576E-06   1.804E+00   1.131E-12    9.0    7.0   3.051E-05   3.652E+07   4.696E+07 0
  308  307   6304.3323  3.9267877E+11  7.6345471E+02  -2.685E+01  -6.793E-02   2.628E+00   1.308E-08   5.721E-09   2.797E+00   1.631E-07   1.026E+00   4.680E-14   17.0   15.0   6.190E-05   6.933E+07   7.858E+07 0
  408  405   7165.4217  3.9514864E+11  7.5868274E+02   2.384E+00   3.265E-07  -3.636E-09   8.917E-09   2.539E-05  -3.870E-09  -2.299E-16   1.000E+00   8.538E-16   29.0   29.0   7.880E-14   8.662E-02   8.662E-02 0
!     4/    60:     1    1    1    1    4 /     3    1    1    5    4  Loop order: Tkin, dv, n_x, Ncol_x, dens
!  1.0000E+03 =    Tkin
!  1.0000E+05 =      dv
!  1.0000E+00 =     n_x
!  1.0000E+21 =  Ncol_x
!  1.0000E+05 =      H2
!  0.0000E+00 =       e
    7    6    323.4919  3.8019739E+11  7.8851792E+02   1.005E+03   2.309E+03   9.959E+02   2.231E-02   1.767E-02   1.060E+03   5.609E-05   6.496E-04   4.420E-11    9.0    7.0   3.083E-05   3.805E+07   4.892E+07 0
  230  226   5578.9592  3.8407719E+11  7.8055263E+02  -1.862E+01  -1.592E+00   1.149E+02   4.671E-07   1.350E-07   1.223E+02   6.671E-06   1.964E+00   1.283E-12    9.0    7.0   3.051E-05   3.652E+07   4.696E+07 0
  308  307   6304.3323  3.9267877E+11  7.6345471E+02  -2.209E+01  -2.953E-04   9.705E-03   4.998E-11   1.879E-11   1.033E-02   6.022E-10   1.000E+00   1.026E-15   17.0   15.0   6.190E-05   6.933E+07   7.858E+07 0
  408  405   7165.4217  3.9514864E+11  7.5868274E+02   1.389E+00   3.127E-07  -5.558E-09   2.873E-11   2.431E-05  -5.916E-09  -3.514E-16   1.000E+00   8.538E-16   29.0   29.0   7.880E-14   8.662E-02   8.662E-02 0
!     5/    60:     1    1    1    2    1 /     3    1    1    5    4  Loop order: Tkin, dv, n_x, Ncol_x, dens
!  1.0000E+03 =    Tkin
!  1.0000E+05 =      dv
!  1.0000E+00 =     n_x
!  1.0000E+17 =  Ncol_x
!  1.0000E+12 =      H2
!  0.0000E+00 =       e
    7    6    323.4919  3.8019739E+11  7.8851792E+02   9.898E+02   2.469E-01   2.146E+02   2.349E-02   1.861E-02   2.284E+02   1.208E-05   9.132E-01   3.781E-12    9.0    7.0   3.083E-05   3.805E+07   4.892E+07 1
  230  226   5578.9592  3.8407719E+11  7.8055263E+02  -2.081E+03  -1.119E-05   2.339E-02   2.339E-06   1.803E-06   2.489E-02   1.358E-09   1.000E+00   1.251E-15    9.0    7.0   3.051E-05   3.652E+07   4.696E+07 1
  308  307   6304.3323  3.9267877E+11  7.6345471E+02   1.464E+03   1.200E-04   1.745E-01   8.991E-06   8.036E-06   1.857E-01   1.083E-08   1.000E+00   3.953E-15   17.0   15.0   6.190E-05   6.933E+07   7.858E+07 1
  408  405   7165.4217  3.9514864E+11  7.5868274E+02   1.406E+01   5.577E-11   3.699E-10   1.521E-05   5.856E-05   3.938E-10   2.339E-17   1.000E+00   8.538E-16   29.0   29.0   7.880E-14   8.662E-02   8.662E-02 1
!     6/    60:     1    1    1    2    2 /     3    1    1    5    4  Loop order: Tkin, dv, n_x, Ncol_x, dens
!  1.0000E+03 =    Tkin
!  1.0000E+05 =      dv
!  1.0000E+00 =     n_x
!  1.0000E+17 =  Ncol_x
!  1.0000E+10 =      H2
!  0.0000E+00 =       e
    7    6    323.4919  3.8019739E+11  7.8851792E+02  -2.689E+03  -1.092E-01   3.112E+02   2.857E-02   2.207E-02   3.313E+02   1.753E-05   1.042E+00   5.052E-12    9.0    7.0   3.083E-05   3.805E+07   4.892E+07 1
  230  226   5578.9592  3.8407719E+11  7.8055263E+02  -1.271E+02  -4.589E-06   6.265E-04   6.266E-08   4.216E-08   6.669E-04   3.638E-11   1.000E+00   8.645E-16    9.0    7.0   3.051E-05   3.652E+07   4.696E+07 1
  308  307   6304.3323  3.9267877E+11  7.6345471E+02   2.130E+02   4.793E-06   9.765E-04   5.033E-08   4.852E-08   1.040E-03   6.060E-11   1.000E+00   8.712E-16   17.0   15.0   6.190E-05   6.933E+07   7.858E+07 1
  408  405   7165.4217  3.9514864E+11  7.5868274E+02  -1.090E+01  -9.573E-15   2.204E-13   9.028E-09   1.586E-09   2.346E-13   1.394E-20   1.000E+00   8.538E-16   29.0   29.0   7.880E-14   8.662E-02   8.662E-02 1
!     7/    60:     1    1    1    2    3 /     3    1    1    5    4  Loop order: Tkin, dv, n_x, Ncol_x, dens
!  1.0000E+03 =    Tkin
!  1.0000E+05 =      dv
!  1.0000E+00 =     n_x
!  1.0000E+17 =  Ncol_x
!  1.0000E+07 =      H2
!  0.0000E+00 =       e
    7    6    323.4919  3.8019739E+11  7.8851792E+02  -1.346E+02  -6.330E+00   8.058E+04   8.834E-02   6.000E-02   8.577E+04   4.538E-03   3.514E+01   2.182E-10    9.0    7.0   3.083E-05   3.805E+07   4.892E+07 1
  230  226   5578.9592  3.8407719E+11  7.8055263E+02  -8.832E+01  -1.750E-08   1.713E-06   1.713E-10   1.081E-10   1.823E-06   9.945E-14   1.000E+00   8.538E-16    9.0    7.0   3.051E-05   3.652E+07   4.696E+07 1
  308  307   6304.3323  3.9267877E+11  7.6345471E+02   1.599E+02   3.196E-10   4.815E-08   2.482E-12   2.464E-12   5.125E-08   2.988E-15   1.000E+00   8.538E-16   17.0   15.0   6.190E-05   6.933E+07   7.858E+07 1
  408  405   7165.4217  3.9514864E+11  7.5868274E+02  -2.102E+01  -7.570E-22   0.000E+00   9.901E-16   4.016E-16   0.000E+00   0.000E+00   1.000E+00   8.538E-16   29.0   29.0   7.880E-14   8.662E-02   8.662E-02 1
!     8/    60:     1    1    1    2    4 /     3    1    1    5    4  Loop order: Tkin, dv, n_x, Ncol_x, dens
!  1.0000E+03 =    Tkin
!  1.0000E+05 =      dv
!  1.0000E+00 =     n_x
!  1.0000E+17 =  Ncol_x
!  1.0000E+05 =      H2
!  0.0000E+00 =       e
    7    6    323.4919  3.8019739E+11  7.8851792E+02  -9.451E+01  -3.081E+00   2.161E+03   3.106E-02   1.992E-02   2.300E+03   1.217E-04   4.266E+00   1.508E-11    9.0    7.0   3.083E-05   3.805E+07   4.892E+07 1
  230  226   5578.9592  3.8407719E+11  7.8055263E+02  -1.163E+02  -9.831E-11   1.237E-08   1.237E-12   8.212E-13   1.317E-08   7.182E-16   1.000E+00   8.538E-16    9.0    7.0   3.051E-05   3.652E+07   4.696E+07 1
  308  307   6304.3323  3.9267877E+11  7.6345471E+02   3.102E+01   7.264E-12   1.636E-10   8.441E-15   1.367E-14   1.742E-10   1.015E-17   1.000E+00   8.538E-16   17.0   15.0   6.190E-05   6.933E+07   7.858E+07 1
  408  405   7165.4217  3.9514864E+11  7.5868274E+02  -2.109E+01  -2.400E-24   0.000E+00   3.145E-18   1.280E-18   0.000E+00   0.000E+00   1.000E+00   8.538E-16   29.0   29.0   7.880E-14   8.662E-02   8.662E-02 1
!     9/    60:     1    1    1    3    1 /     3    1    1    5    4  Loop order: Tkin, dv, n_x, Ncol_x, dens
!  1.0000E+03 =    Tkin
!  1.0000E+05 =      dv
!  1.0000E+00 =     n_x
!  1.0000E+18 =  Ncol_x
!  1.0000E+12 =      H2
!  0.0000E+00 =       e
    7    6    323.4919  3.8019739E+11  7.8851792E+02   9.816E+02   2.418E+00   8.858E+02   2.281E-02   1.807E-02   9.430E+02   4.989E-05   4.728E-01   2.277E-11    9.0    7.0   3.083E-05   3.805E+07   4.892E+07 1
  230  226   5578.9592  3.8407719E+11  7.8055263E+02   5.534E+03   1.030E-04   5.692E-01   5.694E-06   4.443E-06   6.058E-01   3.305E-08   1.000E+00   1.053E-14    9.0    7.0   3.051E-05   3.652E+07   4.696E+07 1
  308  307   6304.3323  3.9267877E+11  7.6345471E+02   1.023E+03   3.255E-03   3.292E+00   1.700E-05   1.527E-05   3.505E+00   2.043E-07   9.988E-01   5.939E-14   17.0   15.0   6.190E-05   6.933E+07   7.858E+07 1
  408  405   7165.4217  3.9514864E+11  7.5868274E+02   2.179E+01   5.714E-10   7.800E-09   3.202E-05   7.644E-05   8.302E-09   4.932E-16   1.000E+00   8.538E-16   29.0   29.0   7.880E-14   8.662E-02   8.662E-02 1
!    10/    60:     1    1    1    3    2 /     3    1    1    5    4  Loop order: Tkin, dv, n_x, Ncol_x, dens
!  1.0000E+03 =    Tkin
!  1.0000E+05 =      dv
!  1.0000E+00 =     n_x
!  1.0000E+18 =  Ncol_x
!  1.0000E+10 =      H2
!  0.0000E+00 =       e
    7    6    323.4919  3.8019739E+11  7.8851792E+02   1.571E+03   1.674E+00   1.269E+03   2.536E-02   1.995E-02   1.351E+03   7.146E-05   5.772E-01   2.932E-11    9.0    7.0   3.083E-05   3.805E+07   4.892E+07 1
  230  226   5578.9592  3.8407719E+11  7.8055263E+02  -1.357E+02  -4.493E-05   6.521E-03   6.522E-08   4.428E-08   6.941E-03   3.786E-10   1.000E+00   9.646E-16    9.0    7.0   3.051E-05   3.652E+07   4.696E+07 1
  308  307   6304.3323  3.9267877E+11  7.6345471E+02   2.309E+02   4.652E-05   1.031E-02   5.314E-08   5.088E-08   1.098E-02   6.398E-10   1.000E+00   1.037E-15   17.0   15.0   6.190E-05   6.933E+07   7.858E+07 1
  408  405   7165.4217  3.9514864E+11  7.5868274E+02   7.625E+00   6.121E-12   1.042E-11   4.315E-08   5.190E-07   1.109E-11   6.587E-19   1.000E+00   8.538E-16   29.0   29.0   7.880E-14   8.662E-02   8.662E-02 1
!    11/    60:     1    1    1    3    3 /     3    1    1    5    4  Loop order: Tkin, dv, n_x, Ncol_x, dens
!  1.0000E+03 =    Tkin
!  1.0000E+05 =      dv
!  1.0000E+00 =     n_x
!  1.0000E+18 =  Ncol_x
!  1.0000E+07 =      H2
!  0.0000E+00 =       e
    7    6    323.4919  3.8019739E+11  7.8851792E+02  -1.076E+03  -6.158E+00   5.116E+05   6.481E-02   4.956E-02   5.445E+05   2.881E-02   3.108E+01   1.449E-09    9.0    7.0   3.083E-05   3.805E+07   4.892E+07 1
  230  226   5578.9592  3.8407719E+11  7.8055263E+02  -9.656E+01  -1.621E-07   1.720E-05   1.720E-10   1.105E-10   1.830E-05   9.985E-13   1.000E+00   8.538E-16    9.0    7.0   3.051E-05   3.652E+07   4.696E+07 1
  308  307   6304.3323  3.9267877E+11  7.6345471E+02  -9.219E+02  -2.004E-09   1.867E-06   9.621E-12   8.317E-12   1.987E-06   1.158E-13   1.000E+00   8.538E-16   17.0   15.0   6.190E-05   6.933E+07   7.858E+07 1
  408  405   7165.4217  3.9514864E+11  7.5868274E+02  -2.103E+01  -2.323E-20   0.000E+00   3.040E-15   1.234E-15   0.000E+00   0.000E+00   1.000E+00   8.538E-16   29.0   29.0   7.880E-14   8.662E-02   8.662E-02 1
!    12/    60:     1    1    1    3    4 /     3    1    1    5    4  Loop order: Tkin, dv, n_x, Ncol_x, dens
!  1.0000E+03 =    Tkin
!  1.0000E+05 =      dv
!  1.0000E+00 =     n_x
!  1.0000E+18 =  Ncol_x
!  1.0000E+05 =      H2
!  0.0000E+00 =       e
    7    6    323.4919  3.8019739E+11  7.8851792E+02  -1.764E+04  -4.747E-01   1.072E+04   8.125E-02   6.313E-02   1.141E+04   6.038E-04   1.203E+00   1.591E-10    9.0    7.0   3.083E-05   3.805E+07   4.892E+07 0
  230  226   5578.9592  3.8407719E+11  7.8055263E+02  -7.442E+01  -2.354E-09   1.979E-07   1.979E-12   1.201E-12   2.106E-07   1.149E-14   1.000E+00   8.538E-16    9.0    7.0   3.051E-05   3.652E+07   4.696E+07 0
  308  307   6304.3323  3.9267877E+11  7.6345471E+02   6.105E+01   4.609E-11   2.401E-09   1.238E-14   1.487E-14   2.556E-09   1.490E-16   1.000E+00   8.538E-16   17.0   15.0   6.190E-05   6.933E+07   7.858E+07 0
  408  405   7165.4217  3.9514864E+11  7.5868274E+02  -2.100E+01  -3.392E-23   0.000E+00   4.435E-18   1.798E-18   0.000E+00   0.000E+00   1.000E+00   8.538E-16   29.0   29.0   7.880E-14   8.662E-02   8.662E-02 0
!    13/    60:     1    1    1    4    1 /     3    1    1    5    4  Loop order: Tkin, dv, n_x, Ncol_x, dens
!  1.0000E+03 =    Tkin
!  1.0000E+05 =      dv
!  1.0000E+00 =     n_x
!  1.0000E+19 =  Ncol_x
!  1.0000E+12 =      H2
!  0.0000E+00 =       e
    7    6    323.4919  3.8019739E+11  7.8851792E+02   9.943E+02   2.307E+01   9.852E+02   2.205E-02   1.747E-02   1.049E+03   5.549E-05   6.477E-02   4.092E-11    9.0    7.0   3.083E-05   3.805E+07   4.892E+07 1
  230  226   5578.9592  3.8407719E+11  7.8055263E+02   1.387E+03   2.051E-02   2.796E+01   2.826E-05   2.227E-05   2.976E+01   1.624E-06   9.924E-01   4.783E-13    9.0    7.0   3.051E-05   3.652E+07   4.696E+07 1
  308  307   6304.3323  3.9267877E+11  7.6345471E+02   9.978E+02   1.084E-01   1.015E+02   5.521E-05   4.964E-05   1.081E+02   6.299E-06   9.605E-01   1.850E-12   17.0   15.0   6.190E-05   6.933E+07   7.858E+07 1
  408  405   7165.4217  3.9514864E+11  7.5868274E+02   7.718E+01   2.161E-09   1.471E-07   6.031E-05   7.711E-05   1.566E-07   9.299E-15   1.000E+00   8.538E-16   29.0   29.0   7.880E-14   8.662E-02   8.662E-02 1
!    14/    60:     1    1    1    4    2 /     3    1    1    5    4  Loop order: Tkin, dv, n_x, Ncol_x, dens
!  1.0000E+03 =    Tkin
!  1.0000E+05 =      dv
!  1.0000E+00 =     n_x
!  1.0000E+19 =  Ncol_x
!  1.0000E+10 =      H2
!  0.0000E+00 =       e
    7    6    323.4919  3.8019739E+11  7.8851792E+02   1.029E+03   2.430E+01   1.020E+03   2.405E-02   1.904E-02   1.086E+03   5.747E-05   6.152E-02   4.253E-11    9.0    7.0   3.083E-05   3.805E+07   4.892E+07 1
  230  226   5578.9592  3.8407719E+11  7.8055263E+02  -1.946E+02  -6.590E-04   1.345E-01   1.345E-07   9.514E-08   1.432E-01   7.809E-09   1.000E+00   3.139E-15    9.0    7.0   3.051E-05   3.652E+07   4.696E+07 1
  308  307   6304.3323  3.9267877E+11  7.6345471E+02   2.347E+02   7.350E-04   1.656E-01   8.538E-08   8.163E-08   1.763E-01   1.028E-08   9.997E-01   3.796E-15   17.0   15.0   6.190E-05   6.933E+07   7.858E+07 1
  408  405   7165.4217  3.9514864E+11  7.5868274E+02   3.467E+00   5.146E-09   3.211E-10   1.692E-07   4.018E-05   3.418E-10   2.030E-17   1.000E+00   8.538E-16   29.0   29.0   7.880E-14   8.662E-02   8.662E-02 1
!    15/    60:     1    1    1    4    3 /     3    1    1    5    4  Loop order: Tkin, dv, n_x, Ncol_x, dens
!  1.0000E+03 =    Tkin
!  1.0000E+05 =      dv
!  1.0000E+00 =     n_x
!  1.0000E+19 =  Ncol_x
!  1.0000E+07 =      H2
!  0.0000E+00 =       e
    7    6    323.4919  3.8019739E+11  7.8851792E+02  -9.183E+03  -4.911E+00   1.239E+06   4.379E-02   3.399E-02   1.319E+06   6.977E-02   1.317E+01   4.968E-09    9.0    7.0   3.083E-05   3.805E+07   4.892E+07 1
  230  226   5578.9592  3.8407719E+11  7.8055263E+02  -1.028E+02  -2.517E-06   2.826E-04   2.827E-10   1.837E-10   3.008E-04   1.641E-11   1.000E+00   8.586E-16    9.0    7.0   3.051E-05   3.652E+07   4.696E+07 1
  308  307   6304.3323  3.9267877E+11  7.6345471E+02   1.074E+03   5.022E-08   5.348E-05   2.756E-11   2.475E-11   5.693E-05   3.319E-12   1.000E+00   8.538E-16   17.0   15.0   6.190E-05   6.933E+07   7.858E+07 1
  408  405   7165.4217  3.9514864E+11  7.5868274E+02  -1.967E+01  -1.590E-18   4.933E-17   1.998E-14   7.618E-15   5.251E-17   3.119E-24   1.000E+00   8.538E-16   29.0   29.0   7.880E-14   8.662E-02   8.662E-02 1
!    16/    60:     1    1    1    4    4 /     3    1    1    5    4  Loop order: Tkin, dv, n_x, Ncol_x, dens
!  1.0000E+03 =    Tkin
!  1.0000E+05 =      dv
!  1.0000E+00 =     n_x
!  1.0000E+19 =  Ncol_x
!  1.0000E+05 =      H2
!  0.0000E+00 =       e
    7    6    323.4919  3.8019739E+11  7.8851792E+02   1.430E+05   6.451E-01   6.799E+04   8.949E-02   6.961E-02   7.237E+04   3.829E-03   7.947E-01   1.304E-09    9.0    7.0   3.083E-05   3.805E+07   4.892E+07 0
  230  226   5578.9592  3.8407719E+11  7.8055263E+02  -5.433E+01  -8.189E-08   5.248E-06   5.248E-12   2.908E-12   5.587E-06   3.047E-13   1.000E+00   8.538E-16    9.0    7.0   3.051E-05   3.652E+07   4.696E+07 0
  308  307   6304.3323  3.9267877E+11  7.6345471E+02   9.637E+01   5.206E-10   4.541E-08   2.341E-14   2.512E-14   4.834E-08   2.818E-15   1.000E+00   8.538E-16   17.0   15.0   6.190E-05   6.933E+07   7.858E+07 0
  408  405   7165.4217  3.9514864E+11  7.5868274E+02  -2.111E+01  -7.536E-22   0.000E+00   9.884E-18   4.025E-18   0.000E+00   0.000E+00   1.000E+00   8.538E-16   29.0   29.0   7.880E-14   8.662E-02   8.662E-02 0
!    17/    60:     1    1    1    5    1 /     3    1    1    5    4  Loop order: Tkin, dv, n_x, Ncol_x, dens
!  1.0000E+03 =    Tkin
!  1.0000E+05 =      dv
!  1.0000E+00 =     n_x
!  1.0000E+20 =  Ncol_x
!  1.0000E+12 =      H2
!  0.0000E+00 =       e
    7    6    323.4919  3.8019739E+11  7.8851792E+02   9.989E+02   2.262E+02   9.898E+02   2.172E-02   1.720E-02   1.054E+03   5.575E-05   6.631E-03   4.367E-11    9.0    7.0   3.083E-05   3.805E+07   4.892E+07 1
  230  226   5578.9592  3.8407719E+11  7.8055263E+02   1.070E+03   7.354E-01   5.524E+02   7.804E-05   6.175E-05   5.880E+02   3.207E-05   7.710E-01   1.101E-11    9.0    7.0   3.051E-05   3.652E+07   4.696E+07 1
  308  307   6304.3323  3.9267877E+11  7.6345471E+02   1.167E+03   1.484E+00   8.950E+02   8.854E-05   7.939E-05   9.527E+02   5.554E-05   6.097E-01   2.140E-11   17.0   15.0   6.190E-05   6.933E+07   7.858E+07 1
  408  405   7165.4217  3.9514864E+11  7.5868274E+02   3.382E+02   5.342E-09   1.756E-06   7.200E-05   7.615E-05   1.869E-06   1.110E-13   1.000E+00   8.538E-16   29.0   29.0   7.880E-14   8.662E-02   8.662E-02 1
!    18/    60:     1    1    1    5    2 /     3    1    1    5    4  Loop order: Tkin, dv, n_x, Ncol_x, dens
!  1.0000E+03 =    Tkin
!  1.0000E+05 =      dv
!  1.0000E+00 =     n_x
!  1.0000E+20 =  Ncol_x
!  1.0000E+10 =      H2
!  0.0000E+00 =       e
    7    6    323.4919  3.8019739E+11  7.8851792E+02   9.884E+02   2.436E+02   9.793E+02   2.314E-02   1.833E-02   1.042E+03   5.515E-05   6.158E-03   4.322E-11    9.0    7.0   3.083E-05   3.805E+07   4.892E+07 1
  230  226   5578.9592  3.8407719E+11  7.8055263E+02  -3.337E+02  -1.935E-02   6.703E+00   6.640E-07   4.887E-07   7.135E+00   3.892E-07   1.007E+00   1.143E-13    9.0    7.0   3.051E-05   3.652E+07   4.696E+07 1
  308  307   6304.3323  3.9267877E+11  7.6345471E+02   7.085E+02   6.520E-02   4.413E+01   2.349E-06   2.129E-06   4.697E+01   2.738E-06   9.760E-01   7.967E-13   17.0   15.0   6.190E-05   6.933E+07   7.858E+07 1
  408  405   7165.4217  3.9514864E+11  7.5868274E+02   1.006E+01   7.996E-08   2.697E-07   1.111E-05   7.328E-05   2.871E-07   1.705E-14   1.000E+00   8.538E-16   29.0   29.0   7.880E-14   8.662E-02   8.662E-02 1
!    19/    60:     1    1    1    5    3 /     3    1    1    5    4  Loop order: Tkin, dv, n_x, Ncol_x, dens
!  1.0000E+03 =    Tkin
!  1.0000E+05 =      dv
!  1.0000E+00 =     n_x
!  1.0000E+20 =  Ncol_x
!  1.0000E+07 =      H2
!  0.0000E+00 =       e
    7    6    323.4919  3.8019739E+11  7.8851792E+02  -4.290E+02  -7.547E+02    Infinity   3.208E-02   2.391E-02    Infinity    Infinity  -1.987E-03  -1.950E-11    9.0    7.0   3.083E-05   3.805E+07   4.892E+07 1
  230  226   5578.9592  3.8407719E+11  7.8055263E+02  -1.271E+02  -4.019E-05   5.490E-03   5.491E-10   3.695E-10   5.844E-03   3.188E-10   1.000E+00   9.471E-16    9.0    7.0   3.051E-05   3.652E+07   4.696E+07 1
  308  307   6304.3323  3.9267877E+11  7.6345471E+02   7.311E+02   1.199E-06   8.652E-04   4.459E-11   4.037E-11   9.210E-04   5.369E-11   1.000E+00   8.692E-16   17.0   15.0   6.190E-05   6.933E+07   7.858E+07 1
  408  405   7165.4217  3.9514864E+11  7.5868274E+02  -9.447E+00  -1.393E-15   3.054E-14   1.251E-12   1.680E-13   3.251E-14   1.931E-21   1.000E+00   8.538E-16   29.0   29.0   7.880E-14   8.662E-02   8.662E-02 1
!    20/    60:     1    1    1    5    4 /     3    1    1    5    4  Loop order: Tkin, dv, n_x, Ncol_x, dens
!  1.0000E+03 =    Tkin
!  1.0000E+05 =      dv
!  1.0000E+00 =     n_x
!  1.0000E+20 =  Ncol_x
!  1.0000E+05 =      H2
!  0.0000E+00 =       e
    7    6    323.4919  3.8019739E+11  7.8851792E+02   3.619E+05   1.618E+00   2.901E+05   5.681E-02   4.419E-02   3.088E+05   1.634E-02   5.864E-01   6.646E-09    9.0    7.0   3.083E-05   3.805E+07   4.892E+07 0
  230  226   5578.9592  3.8407719E+11  7.8055263E+02  -7.906E+01  -9.727E-07   8.623E-05   8.624E-12   5.313E-12   9.179E-05   5.007E-12   1.000E+00   8.538E-16    9.0    7.0   3.051E-05   3.652E+07   4.696E+07 0
  308  307   6304.3323  3.9267877E+11  7.6345471E+02  -2.350E+03  -9.537E-10   2.251E-06   1.160E-13   1.015E-13   2.396E-06   1.397E-13   1.000E+00   8.538E-16   17.0   15.0   6.190E-05   6.933E+07   7.858E+07 0
  408  405   7165.4217  3.9514864E+11  7.5868274E+02  -2.119E+01  -8.642E-20   2.055E-18   1.136E-16   4.642E-17   2.188E-18   1.300E-25   1.000E+00   8.538E-16   29.0   29.0   7.880E-14   8.662E-02   8.662E-02 0
!    21/    60:     2    1    1    1    1 /     3    1    1    5    4  Loop order: Tkin, dv, n_x, Ncol_x, dens
!  2.0000E+03 =    Tkin
!  1.0000E+05 =      dv
!  1.0000E+00 =     n_x
!  1.0000E+21 =  Ncol_x
!  1.0000E+12 =      H2
!  0.0000E+00 =       e
    7    6    323.4919  3.8019739E+11  7.8851792E+02   1.993E+03   3.968E+02   1.984E+03   7.635E-03   5.993E-03   2.111E+03   1.117E-04   3.780E-03   8.776E-11    9.0    7.0   3.083E-05   3.805E+07   4.892E+07 1
  230  226   5578.9592  3.8407719E+11  7.8055263E+02   2.034E+03   2.646E+01   2.025E+03   5.358E-04   4.206E-04   2.155E+03   1.176E-04   5.653E-02   8.658E-11    9.0    7.0   3.051E-05   3.652E+07   4.696E+07 1
  308  307   6304.3323  3.9267877E+11  7.6345471E+02   2.026E+03   6.901E+01   2.016E+03   7.172E-04   6.388E-04   2.146E+03   1.251E-04   2.173E-02   9.346E-11   17.0   15.0   6.190E-05   6.933E+07   7.858E+07 1
  408  405   7165.4217  3.9514864E+11  7.5868274E+02   1.540E+03   1.277E-07   1.955E-04   8.016E-04   8.115E-04   2.081E-04   1.236E-11   1.000E+00   8.538E-16   29.0   29.0   7.880E-14   8.662E-02   8.662E-02 1
!    22/    60:     2    1    1    1    2 /     3    1    1    5    4  Loop order: Tkin, dv, n_x, Ncol_x, dens
!  2.0000E+03 =    Tkin
!  1.0000E+05 =      dv
!  1.0000E+00 =     n_x
!  1.0000E+21 =  Ncol_x
!  1.0000E+10 =      H2
!  0.0000E+00 =       e
    7    6    323.4919  3.8019739E+11  7.8851792E+02   1.750E+03   4.898E+02   1.741E+03   8.271E-03   6.500E-03   1.853E+03   9.804E-05   3.062E-03   7.707E-11    9.0    7.0   3.083E-05   3.805E+07   4.892E+07 0
  230  226   5578.9592  3.8407719E+11  7.8055263E+02  -3.684E+03  -5.587E+00   9.817E+05   2.064E-04   1.597E-04   1.045E+06   5.700E-02   2.081E+01   3.315E-09    9.0    7.0   3.051E-05   3.652E+07   4.696E+07 0
  308  307   6304.3323  3.9267877E+11  7.6345471E+02  -6.656E+03  -1.167E+01   7.785E+08   4.008E-04   3.527E-04   8.287E+08   4.831E+01   2.353E+03   7.427E-07   17.0   15.0   6.190E-05   6.933E+07   7.858E+07 0
  408  405   7165.4217  3.9514864E+11  7.5868274E+02   9.830E+01   1.966E-06   1.752E-04   7.183E-04   8.712E-04   1.865E-04   1.108E-11   1.000E+00   8.570E-16   29.0   29.0   7.880E-14   8.662E-02   8.662E-02 0
!    23/    60:     2    1    1    1    3 /     3    1    1    5    4  Loop order: Tkin, dv, n_x, Ncol_x, dens
!  2.0000E+03 =    Tkin
!  1.0000E+05 =      dv
!  1.0000E+00 =     n_x
!  1.0000E+21 =  Ncol_x
!  1.0000E+07 =      H2
!  0.0000E+00 =       e
    7    6    323.4919  3.8019739E+11  7.8851792E+02   7.699E+02   1.286E+03   7.608E+02   9.488E-03   7.556E-03   8.098E+02   4.285E-05   1.167E-03   3.375E-11    9.0    7.0   3.083E-05   3.805E+07   4.892E+07 0
  230  226   5578.9592  3.8407719E+11  7.8055263E+02  -3.926E+01  -4.187E+01   7.503E+19   2.060E-05   1.002E-05   7.987E+19   4.357E+12  -3.579E-02  -2.309E-12    9.0    7.0   3.051E-05   3.652E+07   4.696E+07 0
  308  307   6304.3323  3.9267877E+11  7.6345471E+02   1.962E+03   3.095E+00   1.864E+03   3.114E-05   2.774E-05   1.984E+03   1.157E-04   4.022E-01   5.528E-11   17.0   15.0   6.190E-05   6.933E+07   7.858E+07 0
  408  405   7165.4217  3.9514864E+11  7.5868274E+02   1.543E+01   6.321E-06   4.945E-05   2.032E-04   6.946E-04   5.263E-05   3.127E-12   1.000E+00   8.547E-16   29.0   29.0   7.880E-14   8.662E-02   8.662E-02 0
!    24/    60:     2    1    1    1    4 /     3    1    1    5    4  Loop order: Tkin, dv, n_x, Ncol_x, dens
!  2.0000E+03 =    Tkin
!  1.0000E+05 =      dv
!  1.0000E+00 =     n_x
!  1.0000E+21 =  Ncol_x
!  1.0000E+05 =      H2
!  0.0000E+00 =       e
    7    6    323.4919  3.8019739E+11  7.8851792E+02   9.108E+02   1.141E+03   9.017E+02   9.983E-03   7.921E-03   9.599E+02   5.079E-05   1.314E-03   4.000E-11    9.0    7.0   3.083E-05   3.805E+07   4.892E+07 0
  230  226   5578.9592  3.8407719E+11  7.8055263E+02  -4.231E+01  -3.636E+00   1.929E+03   1.898E-06   9.551E-07   2.053E+03   1.120E-04   5.891E+00   1.158E-11    9.0    7.0   3.051E-05   3.652E+07   4.696E+07 0
  308  307   6304.3323  3.9267877E+11  7.6345471E+02  -6.042E+01  -8.395E+00   3.112E+05   3.043E-06   1.965E-06   3.313E+05   1.931E-02   1.658E+02   5.491E-10   17.0   15.0   6.190E-05   6.933E+07   7.858E+07 0
  408  405   7165.4217  3.9514864E+11  7.5868274E+02   8.920E+00   7.036E-06   1.795E-05   7.412E-05   6.212E-04   1.911E-05   1.135E-12   1.000E+00   8.541E-16   29.0   29.0   7.880E-14   8.662E-02   8.662E-02 0
!    25/    60:     2    1    1    2    1 /     3    1    1    5    4  Loop order: Tkin, dv, n_x, Ncol_x, dens
!  2.0000E+03 =    Tkin
!  1.0000E+05 =      dv
!  1.0000E+00 =     n_x
!  1.0000E+17 =  Ncol_x
!  1.0000E+12 =      H2
!  0.0000E+00 =       e
    7    6    323.4919  3.8019739E+11  7.8851792E+02   1.660E+03   5.708E-02   9.159E+01   9.141E-03   7.188E-03   9.750E+01   5.159E-06   9.789E-01   1.547E-12    9.0    7.0   3.083E-05   3.805E+07   4.892E+07 1
  230  226   5578.9592  3.8407719E+11  7.8055263E+02  -1.990E+03  -3.298E-04   6.593E-01   6.594E-05   5.081E-05   7.018E-01   3.828E-08   1.000E+00   1.206E-14    9.0    7.0   3.051E-05   3.652E+07   4.696E+07 1
  308  307   6304.3323  3.9267877E+11  7.6345471E+02   2.076E+03   2.323E-03   4.795E+00   2.474E-04   2.203E-04   5.104E+00   2.975E-07   9.991E-01   8.609E-14   17.0   15.0   6.190E-05   6.933E+07   7.858E+07 1
  408  405   7165.4217  3.9514864E+11  7.5868274E+02   2.811E+01   5.557E-10   1.093E-08   4.485E-04   8.806E-04   1.164E-08   6.912E-16   1.000E+00   8.538E-16   29.0   29.0   7.880E-14   8.662E-02   8.662E-02 1
!    26/    60:     2    1    1    2    2 /     3    1    1    5    4  Loop order: Tkin, dv, n_x, Ncol_x, dens
!  2.0000E+03 =    Tkin
!  1.0000E+05 =      dv
!  1.0000E+00 =     n_x
!  1.0000E+17 =  Ncol_x
!  1.0000E+10 =      H2
!  0.0000E+00 =       e
    7    6    323.4919  3.8019739E+11  7.8851792E+02  -8.594E+02  -1.856E-01   1.772E+02   1.564E-02   1.191E-02   1.886E+02   9.979E-06   1.073E+00   2.824E-12    9.0    7.0   3.083E-05   3.805E+07   4.892E+07 1
  230  226   5578.9592  3.8407719E+11  7.8055263E+02  -1.163E+02  -1.260E-04   1.585E-02   1.585E-06   1.052E-06   1.687E-02   9.201E-10   1.000E+00   1.123E-15    9.0    7.0   3.051E-05   3.652E+07   4.696E+07 1
  308  307   6304.3323  3.9267877E+11  7.6345471E+02   2.461E+02   1.710E-04   4.049E-02   2.087E-06   1.988E-06   4.310E-02   2.512E-09   9.999E-01   1.573E-15   17.0   15.0   6.190E-05   6.933E+07   7.858E+07 1
  408  405   7165.4217  3.9514864E+11  7.5868274E+02  -1.059E+02  -2.758E-13   3.191E-11   1.308E-06   1.093E-06   3.396E-11   2.018E-18   1.000E+00   8.538E-16   29.0   29.0   7.880E-14   8.662E-02   8.662E-02 1
!    27/    60:     2    1    1    2    3 /     3    1    1    5    4  Loop order: Tkin, dv, n_x, Ncol_x, dens
!  2.0000E+03 =    Tkin
!  1.0000E+05 =      dv
!  1.0000E+00 =     n_x
!  1.0000E+17 =  Ncol_x
!  1.0000E+07 =      H2
!  0.0000E+00 =       e
    7    6    323.4919  3.8019739E+11  7.8851792E+02  -1.079E+02  -7.003E+00   1.289E+05   7.967E-02   5.233E-02   1.372E+05   7.261E-03   5.748E+01   2.942E-10    9.0    7.0   3.083E-05   3.805E+07   4.892E+07 1
  230  226   5578.9592  3.8407719E+11  7.8055263E+02  -7.162E+01  -9.365E-07   7.609E-05   7.609E-09   4.575E-09   8.099E-05   4.418E-12   1.000E+00   8.538E-16    9.0    7.0   3.051E-05   3.652E+07   4.696E+07 1
  308  307   6304.3323  3.9267877E+11  7.6345471E+02   5.305E+02   1.154E-08   6.015E-06   3.100E-10   2.834E-10   6.402E-06   3.732E-13   1.000E+00   8.538E-16   17.0   15.0   6.190E-05   6.933E+07   7.858E+07 1
  408  405   7165.4217  3.9514864E+11  7.5868274E+02  -8.107E+01  -4.937E-19   4.522E-17   1.840E-12   1.456E-12   4.814E-17   2.859E-24   1.000E+00   8.538E-16   29.0   29.0   7.880E-14   8.662E-02   8.662E-02 1
!    28/    60:     2    1    1    2    4 /     3    1    1    5    4  Loop order: Tkin, dv, n_x, Ncol_x, dens
!  2.0000E+03 =    Tkin
!  1.0000E+05 =      dv
!  1.0000E+00 =     n_x
!  1.0000E+17 =  Ncol_x
!  1.0000E+05 =      H2
!  0.0000E+00 =       e
    7    6    323.4919  3.8019739E+11  7.8851792E+02  -1.252E+02  -3.539E+00   4.500E+03   4.620E-02   3.106E-02   4.790E+03   2.535E-04   5.561E+00   2.727E-11    9.0    7.0   3.083E-05   3.805E+07   4.892E+07 1
  230  226   5578.9592  3.8407719E+11  7.8055263E+02  -1.058E+02  -5.968E-09   6.879E-07   6.880E-11   4.495E-11   7.322E-07   3.994E-14   1.000E+00   8.538E-16    9.0    7.0   3.051E-05   3.652E+07   4.696E+07 1
  308  307   6304.3323  3.9267877E+11  7.6345471E+02   3.686E+01   9.031E-10   2.548E-08   1.314E-12   1.934E-12   2.713E-08   1.581E-15   1.000E+00   8.538E-16   17.0   15.0   6.190E-05   6.933E+07   7.858E+07 1
  408  405   7165.4217  3.9514864E+11  7.5868274E+02  -8.288E+01  -2.129E-21   0.000E+00   8.093E-15   6.438E-15   0.000E+00   0.000E+00   1.000E+00   8.538E-16   29.0   29.0   7.880E-14   8.662E-02   8.662E-02 1
!    29/    60:     2    1    1    3    1 /     3    1    1    5    4  Loop order: Tkin, dv, n_x, Ncol_x, dens
!  2.0000E+03 =    Tkin
!  1.0000E+05 =      dv
!  1.0000E+00 =     n_x
!  1.0000E+18 =  Ncol_x
!  1.0000E+12 =      H2
!  0.0000E+00 =       e
    7    6    323.4919  3.8019739E+11  7.8851792E+02   1.578E+03   5.655E-01   6.775E+02   8.604E-03   6.770E-03   7.212E+02   3.816E-05   8.165E-01   1.278E-11    9.0    7.0   3.083E-05   3.805E+07   4.892E+07 1
  230  226   5578.9592  3.8407719E+11  7.8055263E+02  -4.643E+03  -2.506E-03   1.167E+01   1.166E-04   9.034E-05   1.243E+01   6.778E-07   1.001E+00   1.991E-13    9.0    7.0   3.051E-05   3.652E+07   4.696E+07 1
  308  307   6304.3323  3.9267877E+11  7.6345471E+02   2.042E+03   3.457E-02   6.907E+01   3.622E-04   3.225E-04   7.353E+01   4.286E-06   9.872E-01   1.238E-12   17.0   15.0   6.190E-05   6.933E+07   7.858E+07 1
  408  405   7165.4217  3.9514864E+11  7.5868274E+02   4.733E+01   3.845E-09   1.479E-07   6.065E-04   9.054E-04   1.574E-07   9.350E-15   1.000E+00   8.538E-16   29.0   29.0   7.880E-14   8.662E-02   8.662E-02 1
!    30/    60:     2    1    1    3    2 /     3    1    1    5    4  Loop order: Tkin, dv, n_x, Ncol_x, dens
!  2.0000E+03 =    Tkin
!  1.0000E+05 =      dv
!  1.0000E+00 =     n_x
!  1.0000E+18 =  Ncol_x
!  1.0000E+10 =      H2
!  0.0000E+00 =       e
    7    6    323.4919  3.8019739E+11  7.8851792E+02   7.893E+03   1.587E-01   1.157E+03   1.213E-02   9.459E-03   1.231E+03   6.514E-05   9.429E-01   1.998E-11    9.0    7.0   3.083E-05   3.805E+07   4.892E+07 1
  230  226   5578.9592  3.8407719E+11  7.8055263E+02  -1.254E+02  -1.052E-03   1.420E-01   1.419E-06   9.531E-07   1.511E-01   8.245E-09   1.000E+00   3.266E-15    9.0    7.0   3.051E-05   3.652E+07   4.696E+07 1
  308  307   6304.3323  3.9267877E+11  7.6345471E+02   2.582E+02   1.663E-03   4.135E-01   2.133E-06   2.024E-06   4.401E-01   2.566E-08   9.994E-01   8.202E-15   17.0   15.0   6.190E-05   6.933E+07   7.858E+07 1
  408  405   7165.4217  3.9514864E+11  7.5868274E+02   4.395E+00   4.255E-09   1.017E-09   4.481E-06   3.352E-04   1.083E-09   6.433E-17   1.000E+00   8.538E-16   29.0   29.0   7.880E-14   8.662E-02   8.662E-02 1
!    31/    60:     2    1    1    3    3 /     3    1    1    5    4  Loop order: Tkin, dv, n_x, Ncol_x, dens
!  2.0000E+03 =    Tkin
!  1.0000E+05 =      dv
!  1.0000E+00 =     n_x
!  1.0000E+18 =  Ncol_x
!  1.0000E+07 =      H2
!  0.0000E+00 =       e
    7    6    323.4919  3.8019739E+11  7.8851792E+02  -7.640E+02  -6.990E+00   8.384E+05   5.242E-02   3.981E-02   8.924E+05   4.722E-02   5.691E+01   1.920E-09    9.0    7.0   3.083E-05   3.805E+07   4.892E+07 1
  230  226   5578.9592  3.8407719E+11  7.8055263E+02  -9.190E+01  -6.710E-06   6.807E-04   6.808E-09   4.333E-09   7.246E-04   3.953E-11   1.000E+00   8.654E-16    9.0    7.0   3.051E-05   3.652E+07   4.696E+07 1
  308  307   6304.3323  3.9267877E+11  7.6345471E+02   7.280E+03   2.075E-08   1.508E-04   7.773E-10   6.877E-10   1.606E-04   9.360E-12   1.000E+00   8.538E-16   17.0   15.0   6.190E-05   6.933E+07   7.858E+07 1
  408  405   7165.4217  3.9514864E+11  7.5868274E+02  -7.948E+01  -1.036E-17   9.250E-16   3.794E-12   2.988E-12   9.846E-16   5.849E-23   1.000E+00   8.538E-16   29.0   29.0   7.880E-14   8.662E-02   8.662E-02 1
!    32/    60:     2    1    1    3    4 /     3    1    1    5    4  Loop order: Tkin, dv, n_x, Ncol_x, dens
!  2.0000E+03 =    Tkin
!  1.0000E+05 =      dv
!  1.0000E+00 =     n_x
!  1.0000E+18 =  Ncol_x
!  1.0000E+05 =      H2
!  0.0000E+00 =       e
    7    6    323.4919  3.8019739E+11  7.8851792E+02  -5.880E+03  -1.685E+00   2.586E+04   9.625E-02   7.463E-02   2.753E+04   1.457E-03   2.053E+00   2.754E-10    9.0    7.0   3.083E-05   3.805E+07   4.892E+07 0
  230  226   5578.9592  3.8407719E+11  7.8055263E+02  -5.320E+01  -1.737E-07   1.094E-05   1.094E-10   6.017E-11   1.164E-05   6.352E-13   1.000E+00   8.538E-16    9.0    7.0   3.051E-05   3.652E+07   4.696E+07 0
  308  307   6304.3323  3.9267877E+11  7.6345471E+02   7.730E+01   4.917E-09   3.355E-07   1.730E-12   1.948E-12   3.572E-07   2.082E-14   1.000E+00   8.538E-16   17.0   15.0   6.190E-05   6.933E+07   7.858E+07 0
  408  405   7165.4217  3.9514864E+11  7.5868274E+02  -8.307E+01  -2.746E-20   2.055E-18   1.046E-14   8.325E-15   2.188E-18   1.300E-25   1.000E+00   8.538E-16   29.0   29.0   7.880E-14   8.662E-02   8.662E-02 0
!    33/    60:     2    1    1    4    1 /     3    1    1    5    4  Loop order: Tkin, dv, n_x, Ncol_x, dens
!  2.0000E+03 =    Tkin
!  1.0000E+05 =      dv
!  1.0000E+00 =     n_x
!  1.0000E+19 =  Ncol_x
!  1.0000E+12 =      H2
!  0.0000E+00 =       e
    7    6    323.4919  3.8019739E+11  7.8851792E+02   1.793E+03   4.631E+00   1.766E+03   8.013E-03   6.296E-03   1.880E+03   9.949E-05   2.954E-01   5.582E-11    9.0    7.0   3.083E-05   3.805E+07   4.892E+07 1
  230  226   5578.9592  3.8407719E+11  7.8055263E+02   3.975E+03   7.648E-02   2.920E+02   3.034E-04   2.371E-04   3.108E+02   1.695E-05   9.719E-01   5.052E-12    9.0    7.0   3.051E-05   3.652E+07   4.696E+07 1
  308  307   6304.3323  3.9267877E+11  7.6345471E+02   8.375E+03   1.330E-01   1.042E+03   5.736E-04   5.072E-04   1.109E+03   6.466E-05   9.518E-01   1.909E-11   17.0   15.0   6.190E-05   6.933E+07   7.858E+07 1
  408  405   7165.4217  3.9514864E+11  7.5868274E+02   1.557E+02   1.253E-08   1.835E-06   7.523E-04   8.497E-04   1.953E-06   1.160E-13   1.000E+00   8.538E-16   29.0   29.0   7.880E-14   8.662E-02   8.662E-02 1
!    34/    60:     2    1    1    4    2 /     3    1    1    5    4  Loop order: Tkin, dv, n_x, Ncol_x, dens
!  2.0000E+03 =    Tkin
!  1.0000E+05 =      dv
!  1.0000E+00 =     n_x
!  1.0000E+19 =  Ncol_x
!  1.0000E+10 =      H2
!  0.0000E+00 =       e
    7    6    323.4919  3.8019739E+11  7.8851792E+02   1.448E+03   7.423E+00   1.438E+03   1.036E-02   8.158E-03   1.530E+03   8.097E-05   1.948E-01   5.144E-11    9.0    7.0   3.083E-05   3.805E+07   4.892E+07 1
  230  226   5578.9592  3.8407719E+11  7.8055263E+02  -1.407E+02  -1.745E-02   2.642E+00   2.620E-06   1.787E-06   2.813E+00   1.534E-07   1.007E+00   4.558E-14    9.0    7.0   3.051E-05   3.652E+07   4.696E+07 1
  308  307   6304.3323  3.9267877E+11  7.6345471E+02   9.918E+02   1.921E-02   1.869E+01   9.727E-06   8.747E-06   1.990E+01   1.160E-06   9.928E-01   3.344E-13   17.0   15.0   6.190E-05   6.933E+07   7.858E+07 1
  408  405   7165.4217  3.9514864E+11  7.5868274E+02   7.496E+00   1.023E-07   1.661E-07   6.885E-05   8.644E-04   1.768E-07   1.050E-14   1.000E+00   8.538E-16   29.0   29.0   7.880E-14   8.662E-02   8.662E-02 1
!    35/    60:     2    1    1    4    3 /     3    1    1    5    4  Loop order: Tkin, dv, n_x, Ncol_x, dens
!  2.0000E+03 =    Tkin
!  1.0000E+05 =      dv
!  1.0000E+00 =     n_x
!  1.0000E+19 =  Ncol_x
!  1.0000E+07 =      H2
!  0.0000E+00 =       e
    7    6    323.4919  3.8019739E+11  7.8851792E+02   5.142E+02   2.275E+01   5.051E+02   1.115E-02   8.984E-03   5.377E+02   2.845E-05   6.568E-02   2.096E-11    9.0    7.0   3.083E-05   3.805E+07   4.892E+07 0
  230  226   5578.9592  3.8407719E+11  7.8055263E+02  -1.960E+01  -5.791E-02   1.804E+00   1.752E-06   5.319E-07   1.920E+00   1.047E-07   1.022E+00   3.110E-14    9.0    7.0   3.051E-05   3.652E+07   4.696E+07 0
  308  307   6304.3323  3.9267877E+11  7.6345471E+02  -2.218E+02  -6.793E-05   1.572E-02   8.101E-09   6.566E-09   1.673E-02   9.755E-10   1.000E+00   1.133E-15   17.0   15.0   6.190E-05   6.933E+07   7.858E+07 0
  408  405   7165.4217  3.9514864E+11  7.5868274E+02   2.397E+00   7.286E-08  -7.906E-10   2.075E-07   5.667E-04  -8.416E-10  -4.999E-17   1.000E+00   8.538E-16   29.0   29.0   7.880E-14   8.662E-02   8.662E-02 0
!    36/    60:     2    1    1    4    4 /     3    1    1    5    4  Loop order: Tkin, dv, n_x, Ncol_x, dens
!  2.0000E+03 =    Tkin
!  1.0000E+05 =      dv
!  1.0000E+00 =     n_x
!  1.0000E+19 =  Ncol_x
!  1.0000E+05 =      H2
!  0.0000E+00 =       e
    7    6    323.4919  3.8019739E+11  7.8851792E+02  -1.788E+03  -7.614E+00   3.640E+06   1.327E-02   1.022E-02   3.875E+06   2.050E-01   9.090E+01   7.176E-09    9.0    7.0   3.083E-05   3.805E+07   4.892E+07 0
  230  226   5578.9592  3.8407719E+11  7.8055263E+02  -2.612E+02  -1.056E-07   2.858E-05   2.858E-11   2.072E-11   3.042E-05   1.659E-12   1.000E+00   8.538E-16    9.0    7.0   3.051E-05   3.652E+07   4.696E+07 0
  308  307   6304.3323  3.9267877E+11  7.6345471E+02   4.306E+02   8.240E-08   3.471E-05   1.789E-11   1.649E-11   3.695E-05   2.154E-12   1.000E+00   8.538E-16   17.0   15.0   6.190E-05   6.933E+07   7.858E+07 0
  408  405   7165.4217  3.9514864E+11  7.5868274E+02   2.182E+00   1.169E-11  -1.709E-13   1.526E-11   9.091E-08  -1.819E-13  -1.080E-20   1.000E+00   8.538E-16   29.0   29.0   7.880E-14   8.662E-02   8.662E-02 0
!    37/    60:     2    1    1    5    1 /     3    1    1    5    4  Loop order: Tkin, dv, n_x, Ncol_x, dens
!  2.0000E+03 =    Tkin
!  1.0000E+05 =      dv
!  1.0000E+00 =     n_x
!  1.0000E+20 =  Ncol_x
!  1.0000E+12 =      H2
!  0.0000E+00 =       e
    7    6    323.4919  3.8019739E+11  7.8851792E+02   1.952E+03   4.096E+01   1.943E+03   7.721E-03   6.062E-03   2.068E+03   1.094E-04   3.658E-02   8.314E-11    9.0    7.0   3.083E-05   3.805E+07   4.892E+07 1
  230  226   5578.9592  3.8407719E+11  7.8055263E+02   2.259E+03   2.096E+00   1.973E+03   4.717E-04   3.698E-04   2.100E+03   1.146E-04   5.139E-01   4.957E-11    9.0    7.0   3.051E-05   3.652E+07   4.696E+07 1
  308  307   6304.3323  3.9267877E+11  7.6345471E+02   2.681E+03   4.970E+00   2.653E+03   6.844E-04   6.081E-04   2.824E+03   1.646E-04   2.784E-01   9.134E-11   17.0   15.0   6.190E-05   6.933E+07   7.858E+07 1
  408  405   7165.4217  3.9514864E+11  7.5868274E+02   6.313E+02   3.121E-08   1.941E-05   7.958E-04   8.200E-04   2.066E-05   1.227E-12   1.000E+00   8.538E-16   29.0   29.0   7.880E-14   8.662E-02   8.662E-02 1
!    38/    60:     2    1    1    5    2 /     3    1    1    5    4  Loop order: Tkin, dv, n_x, Ncol_x, dens
!  2.0000E+03 =    Tkin
!  1.0000E+05 =      dv
!  1.0000E+00 =     n_x
!  1.0000E+20 =  Ncol_x
!  1.0000E+10 =      H2
!  0.0000E+00 =       e
    7    6    323.4919  3.8019739E+11  7.8851792E+02   1.544E+03   6.132E+01   1.535E+03   9.130E-03   7.185E-03   1.634E+03   8.644E-05   2.445E-02   6.650E-11    9.0    7.0   3.083E-05   3.805E+07   4.892E+07 0
  230  226   5578.9592  3.8407719E+11  7.8055263E+02  -2.420E+02  -9.289E-01   3.850E+02   2.336E-05   1.683E-05   4.098E+02   2.236E-05   1.454E+00   5.178E-12    9.0    7.0   3.051E-05   3.652E+07   4.696E+07 0
  308  307   6304.3323  3.9267877E+11  7.6345471E+02  -2.425E+02  -1.033E+01   7.727E+06   1.342E-04   1.096E-04   8.225E+06   4.795E-01   7.781E+02   9.281E-09   17.0   15.0   6.190E-05   6.933E+07   7.858E+07 0
  408  405   7165.4217  3.9514864E+11  7.5868274E+02   2.397E+01   6.589E-07   1.035E-05   4.247E-04   9.370E-04   1.102E-05   6.544E-13   1.000E+00   8.538E-16   29.0   29.0   7.880E-14   8.662E-02   8.662E-02 0
!    39/    60:     2    1    1    5    3 /     3    1    1    5    4  Loop order: Tkin, dv, n_x, Ncol_x, dens
!  2.0000E+03 =    Tkin
!  1.0000E+05 =      dv
!  1.0000E+00 =     n_x
!  1.0000E+20 =  Ncol_x
!  1.0000E+07 =      H2
!  0.0000E+00 =       e
    7    6    323.4919  3.8019739E+11  7.8851792E+02   4.938E+02   2.066E+02   4.848E+02   9.717E-03   7.842E-03   5.160E+02   2.730E-05   7.259E-03   2.137E-11    9.0    7.0   3.083E-05   3.805E+07   4.892E+07 0
  230  226   5578.9592  3.8407719E+11  7.8055263E+02  -2.877E+01  -2.091E+00   2.764E+02   8.148E-06   3.339E-06   2.942E+02   1.605E-05   2.507E+00   2.664E-12    9.0    7.0   3.051E-05   3.652E+07   4.696E+07 0
  308  307   6304.3323  3.9267877E+11  7.6345471E+02  -1.035E+02  -3.888E+00   5.413E+03   2.269E-05   1.669E-05   5.762E+03   3.359E-04   6.860E+00   3.144E-11   17.0   15.0   6.190E-05   6.933E+07   7.858E+07 0
  408  405   7165.4217  3.9514864E+11  7.5868274E+02   1.019E+01   7.666E-07   2.662E-06   1.097E-04   7.056E-04   2.834E-06   1.683E-13   1.000E+00   8.538E-16   29.0   29.0   7.880E-14   8.662E-02   8.662E-02 0
!    40/    60:     2    1    1    5    4 /     3    1    1    5    4  Loop order: Tkin, dv, n_x, Ncol_x, dens
!  2.0000E+03 =    Tkin
!  1.0000E+05 =      dv
!  1.0000E+00 =     n_x
!  1.0000E+20 =  Ncol_x
!  1.0000E+05 =      H2
!  0.0000E+00 =       e
    7    6    323.4919  3.8019739E+11  7.8851792E+02   5.234E+02   2.083E+02   5.143E+02   1.039E-02   8.369E-03   5.475E+02   2.897E-05   7.202E-03   2.268E-11    9.0    7.0   3.083E-05   3.805E+07   4.892E+07 0
  230  226   5578.9592  3.8407719E+11  7.8055263E+02  -7.746E+00  -5.034E-01   1.331E+01   1.023E-06   7.367E-08   1.416E+01   7.725E-07   1.217E+00   2.009E-13    9.0    7.0   3.051E-05   3.652E+07   4.696E+07 0
  308  307   6304.3323  3.9267877E+11  7.6345471E+02  -1.525E+01  -1.460E-01   4.179E+00   1.999E-07   5.127E-08   4.448E+00   2.593E-07   1.057E+00   7.257E-14   17.0   15.0   6.190E-05   6.933E+07   7.858E+07 0
  408  405   7165.4217  3.9514864E+11  7.5868274E+02   5.184E+00   7.778E-07   3.766E-07   1.600E-05   6.207E-04   4.008E-07   2.381E-14   1.000E+00   8.538E-16   29.0   29.0   7.880E-14   8.662E-02   8.662E-02 0
!    41/    60:     3    1    1    1    1 /     3    1    1    5    4  Loop order: Tkin, dv, n_x, Ncol_x, dens
!  4.0000E+03 =    Tkin
!  1.0000E+05 =      dv
!  1.0000E+00 =     n_x
!  1.0000E+21 =  Ncol_x
!  1.0000E+12 =      H2
!  0.0000E+00 =       e
    7    6    323.4919  3.8019739E+11  7.8851792E+02   3.868E+03   8.741E+01   3.859E+03   3.272E-03   2.557E-03   4.108E+03   2.173E-04   1.716E-02   1.684E-10    9.0    7.0   3.083E-05   3.805E+07   4.892E+07 1
  230  226   5578.9592  3.8407719E+11  7.8055263E+02   4.209E+03   2.063E+01   4.200E+03   8.668E-04   6.771E-04   4.471E+03   2.439E-04   7.236E-02   1.766E-10    9.0    7.0   3.051E-05   3.652E+07   4.696E+07 1
  308  307   6304.3323  3.9267877E+11  7.6345471E+02   4.093E+03   6.545E+01   4.083E+03   1.377E-03   1.221E-03   4.347E+03   2.534E-04   2.291E-02   1.890E-10   17.0   15.0   6.190E-05   6.933E+07   7.858E+07 1
  408  405   7165.4217  3.9514864E+11  7.5868274E+02   3.149E+03   1.478E-07   4.639E-04   1.902E-03   1.913E-03   4.938E-04   2.934E-11   1.000E+00   8.538E-16   29.0   29.0   7.880E-14   8.662E-02   8.662E-02 1
!    42/    60:     3    1    1    1    2 /     3    1    1    5    4  Loop order: Tkin, dv, n_x, Ncol_x, dens
!  4.0000E+03 =    Tkin
!  1.0000E+05 =      dv
!  1.0000E+00 =     n_x
!  1.0000E+21 =  Ncol_x
!  1.0000E+10 =      H2
!  0.0000E+00 =       e
    7    6    323.4919  3.8019739E+11  7.8851792E+02   1.675E+03   2.279E+02   1.666E+03   3.683E-03   2.896E-03   1.773E+03   9.381E-05   6.580E-03   7.349E-11    9.0    7.0   3.083E-05   3.805E+07   4.892E+07 0
  230  226   5578.9592  3.8407719E+11  7.8055263E+02  -4.372E+03  -1.177E+01   5.640E+08   5.156E-04   3.993E-04   6.003E+08   3.275E+01   2.553E+03   5.066E-07    9.0    7.0   3.051E-05   3.652E+07   4.696E+07 0
  308  307   6304.3323  3.9267877E+11  7.6345471E+02  -8.549E+02  -2.359E+02   2.318+105   1.051E-03   9.068E-04   2.468+105   1.439E+98  -6.360E-03  -4.121E-11   17.0   15.0   6.190E-05   6.933E+07   7.858E+07 0
  408  405   7165.4217  3.9514864E+11  7.5868274E+02   2.025E+02   2.356E-06   4.549E-04   1.865E-03   2.048E-03   4.843E-04   2.877E-11   1.000E+00   8.620E-16   29.0   29.0   7.880E-14   8.662E-02   8.662E-02 0
!    43/    60:     3    1    1    1    3 /     3    1    1    5    4  Loop order: Tkin, dv, n_x, Ncol_x, dens
!  4.0000E+03 =    Tkin
!  1.0000E+05 =      dv
!  1.0000E+00 =     n_x
!  1.0000E+21 =  Ncol_x
!  1.0000E+07 =      H2
!  0.0000E+00 =       e
    7    6    323.4919  3.8019739E+11  7.8851792E+02   7.809E+02   8.328E+02   7.718E+02   6.235E-03   4.964E-03   8.216E+02   4.347E-05   1.801E-03   3.422E-11    9.0    7.0   3.083E-05   3.805E+07   4.892E+07 0
  230  226   5578.9592  3.8407719E+11  7.8055263E+02  -4.793E+01  -2.895E+01   2.170E+14   1.672E-05   8.855E-06   2.309E+14   1.260E+07   1.298E+10   3.397E-02    9.0    7.0   3.051E-05   3.652E+07   4.696E+07 0
  308  307   6304.3323  3.9267877E+11  7.6345471E+02  -1.646E+03  -7.712E+00   3.699E+06   6.578E-05   5.738E-05   3.937E+06   2.295E-01   9.796E+01   7.603E-09   17.0   15.0   6.190E-05   6.933E+07   7.858E+07 0
  408  405   7165.4217  3.9514864E+11  7.5868274E+02   1.986E+01   1.334E-05   1.580E-04   6.485E-04   1.685E-03   1.681E-04   9.988E-12   1.000E+00   8.567E-16   29.0   29.0   7.880E-14   8.662E-02   8.662E-02 0
!    44/    60:     3    1    1    1    4 /     3    1    1    5    4  Loop order: Tkin, dv, n_x, Ncol_x, dens
!  4.0000E+03 =    Tkin
!  1.0000E+05 =      dv
!  1.0000E+00 =     n_x
!  1.0000E+21 =  Ncol_x
!  1.0000E+05 =      H2
!  0.0000E+00 =       e
    7    6    323.4919  3.8019739E+11  7.8851792E+02   9.473E+02   7.079E+02   9.382E+02   6.442E-03   5.108E-03   9.987E+02   5.284E-05   2.119E-03   4.158E-11    9.0    7.0   3.083E-05   3.805E+07   4.892E+07 0
  230  226   5578.9592  3.8407719E+11  7.8055263E+02  -8.831E+01  -8.247E+00   3.733E+05   8.072E-06   5.096E-06   3.974E+05   2.168E-02   1.477E+02   6.508E-10    9.0    7.0   3.051E-05   3.652E+07   4.696E+07 0
  308  307   6304.3323  3.9267877E+11  7.6345471E+02  -7.399E+02  -8.107E+00   2.484E+06   3.131E-05   2.693E-05   2.645E+06   1.542E-01   1.325E+02   4.670E-09   17.0   15.0   6.190E-05   6.933E+07   7.858E+07 0
  408  405   7165.4217  3.9514864E+11  7.5868274E+02   1.661E+01   1.439E-05   1.277E-04   5.244E-04   1.643E-03   1.359E-04   8.072E-12   1.000E+00   8.561E-16   29.0   29.0   7.880E-14   8.662E-02   8.662E-02 0
!    45/    60:     3    1    1    2    1 /     3    1    1    5    4  Loop order: Tkin, dv, n_x, Ncol_x, dens
!  4.0000E+03 =    Tkin
!  1.0000E+05 =      dv
!  1.0000E+00 =     n_x
!  1.0000E+17 =  Ncol_x
!  1.0000E+12 =      H2
!  0.0000E+00 =       e
    7    6    323.4919  3.8019739E+11  7.8851792E+02   1.926E+03   2.065E-02   3.918E+01   3.840E-03   3.015E-03   4.171E+01   2.207E-06   9.923E-01   6.565E-13    9.0    7.0   3.083E-05   3.805E+07   4.892E+07 1
  230  226   5578.9592  3.8407719E+11  7.8055263E+02  -2.424E+03  -1.662E-03   4.049E+00   4.047E-04   3.124E-04   4.310E+00   2.351E-07   1.001E+00   6.965E-14    9.0    7.0   3.051E-05   3.652E+07   4.696E+07 1
  308  307   6304.3323  3.9267877E+11  7.6345471E+02   4.026E+03   4.814E-03   1.929E+01   9.965E-04   8.834E-04   2.053E+01   1.197E-06   9.982E-01   3.439E-13   17.0   15.0   6.190E-05   6.933E+07   7.858E+07 1
  408  405   7165.4217  3.9514864E+11  7.5868274E+02   9.536E+01   4.730E-10   4.076E-08   1.671E-03   2.039E-03   4.339E-08   2.577E-15   1.000E+00   8.538E-16   29.0   29.0   7.880E-14   8.662E-02   8.662E-02 1
!    46/    60:     3    1    1    2    2 /     3    1    1    5    4  Loop order: Tkin, dv, n_x, Ncol_x, dens
!  4.0000E+03 =    Tkin
!  1.0000E+05 =      dv
!  1.0000E+00 =     n_x
!  1.0000E+17 =  Ncol_x
!  1.0000E+10 =      H2
!  0.0000E+00 =       e
    7    6    323.4919  3.8019739E+11  7.8851792E+02  -1.252E+03  -7.934E-02   1.041E+02   9.707E-03   7.440E-03   1.109E+02   5.866E-06   1.030E+00   1.703E-12    9.0    7.0   3.083E-05   3.805E+07   4.892E+07 1
  230  226   5578.9592  3.8407719E+11  7.8055263E+02  -1.204E+02  -1.152E-03   1.498E-01   1.497E-05   9.991E-06   1.594E-01   8.696E-09   1.000E+00   3.398E-15    9.0    7.0   3.051E-05   3.652E+07   4.696E+07 1
  308  307   6304.3323  3.9267877E+11  7.6345471E+02   2.437E+02   2.366E-03   5.538E-01   2.858E-05   2.724E-05   5.895E-01   3.437E-08   9.991E-01   1.070E-14   17.0   15.0   6.190E-05   6.933E+07   7.858E+07 1
  408  405   7165.4217  3.9514864E+11  7.5868274E+02   1.938E+01   5.948E-11   6.781E-10   2.784E-05   7.409E-05   7.219E-10   4.288E-17   1.000E+00   8.538E-16   29.0   29.0   7.880E-14   8.662E-02   8.662E-02 1
!    47/    60:     3    1    1    2    3 /     3    1    1    5    4  Loop order: Tkin, dv, n_x, Ncol_x, dens
!  4.0000E+03 =    Tkin
!  1.0000E+05 =      dv
!  1.0000E+00 =     n_x
!  1.0000E+17 =  Ncol_x
!  1.0000E+07 =      H2
!  0.0000E+00 =       e
    7    6    323.4919  3.8019739E+11  7.8851792E+02  -9.122E+01  -7.341E+00   1.552E+05   7.167E-02   4.564E-02   1.652E+05   8.741E-03   7.398E+01   3.263E-10    9.0    7.0   3.083E-05   3.805E+07   4.892E+07 1
  230  226   5578.9592  3.8407719E+11  7.8055263E+02  -7.511E+01  -1.269E-05   1.075E-03   1.075E-07   6.541E-08   1.144E-03   6.241E-11   1.000E+00   8.721E-16    9.0    7.0   3.051E-05   3.652E+07   4.696E+07 1
  308  307   6304.3323  3.9267877E+11  7.6345471E+02   4.642E+03   2.749E-08   1.273E-04   6.563E-09   5.814E-09   1.356E-04   7.902E-12   1.000E+00   8.538E-16   17.0   15.0   6.190E-05   6.933E+07   7.858E+07 1
  408  405   7165.4217  3.9514864E+11  7.5868274E+02  -1.469E+01  -4.242E-17   1.110E-15   4.549E-11   1.251E-11   1.182E-15   7.018E-23   1.000E+00   8.538E-16   29.0   29.0   7.880E-14   8.662E-02   8.662E-02 1
!    48/    60:     3    1    1    2    4 /     3    1    1    5    4  Loop order: Tkin, dv, n_x, Ncol_x, dens
!  4.0000E+03 =    Tkin
!  1.0000E+05 =      dv
!  1.0000E+00 =     n_x
!  1.0000E+17 =  Ncol_x
!  1.0000E+05 =      H2
!  0.0000E+00 =       e
    7    6    323.4919  3.8019739E+11  7.8851792E+02  -1.526E+02  -3.856E+00   7.492E+03   6.055E-02   4.178E-02   7.975E+03   4.220E-04   6.728E+00   4.119E-11    9.0    7.0   3.083E-05   3.805E+07   4.892E+07 1
  230  226   5578.9592  3.8407719E+11  7.8055263E+02  -9.388E+01  -1.117E-07   1.155E-05   1.155E-09   7.383E-10   1.229E-05   6.706E-13   1.000E+00   8.538E-16    9.0    7.0   3.051E-05   3.652E+07   4.696E+07 1
  308  307   6304.3323  3.9267877E+11  7.6345471E+02   4.727E+01   1.371E-08   5.271E-07   2.718E-11   3.573E-11   5.610E-07   3.271E-14   1.000E+00   8.538E-16   17.0   15.0   6.190E-05   6.933E+07   7.858E+07 1
  408  405   7165.4217  3.9514864E+11  7.5868274E+02  -1.466E+01  -1.852E-19   4.111E-18   1.984E-13   5.442E-14   4.376E-18   2.599E-25   1.000E+00   8.538E-16   29.0   29.0   7.880E-14   8.662E-02   8.662E-02 1
!    49/    60:     3    1    1    3    1 /     3    1    1    5    4  Loop order: Tkin, dv, n_x, Ncol_x, dens
!  4.0000E+03 =    Tkin
!  1.0000E+05 =      dv
!  1.0000E+00 =     n_x
!  1.0000E+18 =  Ncol_x
!  1.0000E+12 =      H2
!  0.0000E+00 =       e
    7    6    323.4919  3.8019739E+11  7.8851792E+02   1.774E+03   2.159E-01   3.428E+02   3.697E-03   2.905E-03   3.649E+02   1.931E-05   9.235E-01   5.998E-12    9.0    7.0   3.083E-05   3.805E+07   4.892E+07 1
  230  226   5578.9592  3.8407719E+11  7.8055263E+02  -3.067E+03  -1.560E-02   4.836E+01   4.800E-04   3.711E-04   5.148E+01   2.808E-06   1.006E+00   8.197E-13    9.0    7.0   3.051E-05   3.652E+07   4.696E+07 1
  308  307   6304.3323  3.9267877E+11  7.6345471E+02   6.388E+03   3.299E-02   2.070E+02   1.085E-03   9.598E-04   2.204E+02   1.285E-05   9.877E-01   3.707E-12   17.0   15.0   6.190E-05   6.933E+07   7.858E+07 1
  408  405   7165.4217  3.9514864E+11  7.5868274E+02   1.222E+02   3.864E-09   4.364E-07   1.789E-03   2.090E-03   4.645E-07   2.759E-14   1.000E+00   8.538E-16   29.0   29.0   7.880E-14   8.662E-02   8.662E-02 1
!    50/    60:     3    1    1    3    2 /     3    1    1    5    4  Loop order: Tkin, dv, n_x, Ncol_x, dens
!  4.0000E+03 =    Tkin
!  1.0000E+05 =      dv
!  1.0000E+00 =     n_x
!  1.0000E+18 =  Ncol_x
!  1.0000E+10 =      H2
!  0.0000E+00 =       e
    7    6    323.4919  3.8019739E+11  7.8851792E+02   1.944E+03   3.589E-01   5.836E+02   6.738E-03   5.290E-03   6.212E+02   3.287E-05   8.774E-01   1.054E-11    9.0    7.0   3.083E-05   3.805E+07   4.892E+07 1
  230  226   5578.9592  3.8407719E+11  7.8055263E+02  -1.188E+02  -9.788E-03   1.261E+00   1.255E-05   8.361E-06   1.343E+00   7.324E-08   1.004E+00   2.224E-14    9.0    7.0   3.051E-05   3.652E+07   4.696E+07 1
  308  307   6304.3323  3.9267877E+11  7.6345471E+02   2.376E+02   2.841E-02   6.393E+00   3.342E-05   3.193E-05   6.805E+00   3.967E-07   9.894E-01   1.152E-13   17.0   15.0   6.190E-05   6.933E+07   7.858E+07 1
  408  405   7165.4217  3.9514864E+11  7.5868274E+02   7.892E+00   1.745E-08   3.259E-08   1.349E-04   1.491E-03   3.470E-08   2.061E-15   1.000E+00   8.538E-16   29.0   29.0   7.880E-14   8.662E-02   8.662E-02 1
!    51/    60:     3    1    1    3    3 /     3    1    1    5    4  Loop order: Tkin, dv, n_x, Ncol_x, dens
!  4.0000E+03 =    Tkin
!  1.0000E+05 =      dv
!  1.0000E+00 =     n_x
!  1.0000E+18 =  Ncol_x
!  1.0000E+07 =      H2
!  0.0000E+00 =       e
    7    6    323.4919  3.8019739E+11  7.8851792E+02  -5.960E+02  -7.516E+00   1.111E+06   4.412E-02   3.328E-02   1.183E+06   6.257E-02   8.438E+01   2.241E-09    9.0    7.0   3.083E-05   3.805E+07   4.892E+07 1
  230  226   5578.9592  3.8407719E+11  7.8055263E+02  -1.106E+02  -7.398E-05   8.882E-03   8.883E-08   5.848E-08   9.454E-03   5.157E-10   1.000E+00   1.005E-15    9.0    7.0   3.051E-05   3.652E+07   4.696E+07 1
  308  307   6304.3323  3.9267877E+11  7.6345471E+02   7.821E+02   3.770E-06   2.913E-03   1.501E-08   1.357E-08   3.101E-03   1.808E-10   1.000E+00   9.056E-16   17.0   15.0   6.190E-05   6.933E+07   7.858E+07 1
  408  405   7165.4217  3.9514864E+11  7.5868274E+02  -1.460E+01  -8.704E-16   2.272E-14   9.307E-11   2.540E-11   2.418E-14   1.437E-21   1.000E+00   8.538E-16   29.0   29.0   7.880E-14   8.662E-02   8.662E-02 1
!    52/    60:     3    1    1    3    4 /     3    1    1    5    4  Loop order: Tkin, dv, n_x, Ncol_x, dens
!  4.0000E+03 =    Tkin
!  1.0000E+05 =      dv
!  1.0000E+00 =     n_x
!  1.0000E+18 =  Ncol_x
!  1.0000E+05 =      H2
!  0.0000E+00 =       e
    7    6    323.4919  3.8019739E+11  7.8851792E+02  -4.454E+03  -2.159E+00   3.419E+04   9.346E-02   7.239E-02   3.640E+04   1.926E-03   2.596E+00   3.163E-10    9.0    7.0   3.083E-05   3.805E+07   4.892E+07 0
  230  226   5578.9592  3.8407719E+11  7.8055263E+02  -6.064E+01  -2.371E-06   1.668E-04   1.668E-09   9.570E-10   1.775E-04   9.682E-12   1.000E+00   8.566E-16    9.0    7.0   3.051E-05   3.652E+07   4.696E+07 0
  308  307   6304.3323  3.9267877E+11  7.6345471E+02   8.407E+01   8.632E-08   6.472E-06   3.337E-11   3.684E-11   6.890E-06   4.016E-13   1.000E+00   8.538E-16   17.0   15.0   6.190E-05   6.933E+07   7.858E+07 0
  408  405   7165.4217  3.9514864E+11  7.5868274E+02  -1.470E+01  -2.310E-18   5.961E-17   2.478E-13   6.819E-14   6.345E-17   3.769E-24   1.000E+00   8.538E-16   29.0   29.0   7.880E-14   8.662E-02   8.662E-02 0
!    53/    60:     3    1    1    4    1 /     3    1    1    5    4  Loop order: Tkin, dv, n_x, Ncol_x, dens
!  4.0000E+03 =    Tkin
!  1.0000E+05 =      dv
!  1.0000E+00 =     n_x
!  1.0000E+19 =  Ncol_x
!  1.0000E+12 =      H2
!  0.0000E+00 =       e
    7    6    323.4919  3.8019739E+11  7.8851792E+02   1.998E+03   1.790E+00   1.657E+03   3.454E-03   2.711E-03   1.764E+03   9.332E-05   5.585E-01   3.899E-11    9.0    7.0   3.083E-05   3.805E+07   4.892E+07 1
  230  226   5578.9592  3.8407719E+11  7.8055263E+02  -1.377E+05  -4.937E-03   6.813E+02   6.798E-04   5.287E-04   7.252E+02   3.956E-05   1.002E+00   1.157E-11    9.0    7.0   3.051E-05   3.652E+07   4.696E+07 1
  308  307   6304.3323  3.9267877E+11  7.6345471E+02   5.972E+04   4.117E-02   2.408E+03   1.267E-03   1.118E-03   2.564E+03   1.494E-04   9.847E-01   4.320E-11   17.0   15.0   6.190E-05   6.933E+07   7.858E+07 1
  408  405   7165.4217  3.9514864E+11  7.5868274E+02   3.568E+02   1.321E-08   4.591E-06   1.882E-03   1.985E-03   4.887E-06   2.903E-13   1.000E+00   8.538E-16   29.0   29.0   7.880E-14   8.662E-02   8.662E-02 1
!    54/    60:     3    1    1    4    2 /     3    1    1    5    4  Loop order: Tkin, dv, n_x, Ncol_x, dens
!  4.0000E+03 =    Tkin
!  1.0000E+05 =      dv
!  1.0000E+00 =     n_x
!  1.0000E+19 =  Ncol_x
!  1.0000E+10 =      H2
!  0.0000E+00 =       e
    7    6    323.4919  3.8019739E+11  7.8851792E+02   7.143E+02   7.501E+00   7.048E+02   5.132E-03   4.094E-03   7.502E+02   3.970E-05   1.929E-01   2.528E-11    9.0    7.0   3.083E-05   3.805E+07   4.892E+07 1
  230  226   5578.9592  3.8407719E+11  7.8055263E+02  -8.651E+01  -2.911E-01   3.247E+01   2.797E-05   1.758E-05   3.456E+01   1.885E-06   1.118E+00   5.155E-13    9.0    7.0   3.051E-05   3.652E+07   4.696E+07 1
  308  307   6304.3323  3.9267877E+11  7.6345471E+02  -2.896E+02  -1.209E+00   7.035E+02   1.865E-04   1.542E-04   7.489E+02   4.365E-05   1.646E+00   9.155E-12   17.0   15.0   6.190E-05   6.933E+07   7.858E+07 1
  408  405   7165.4217  3.9514864E+11  7.5868274E+02   1.571E+01   2.070E-07   1.671E-06   6.866E-04   2.296E-03   1.779E-06   1.057E-13   1.000E+00   8.538E-16   29.0   29.0   7.880E-14   8.662E-02   8.662E-02 1
!    55/    60:     3    1    1    4    3 /     3    1    1    5    4  Loop order: Tkin, dv, n_x, Ncol_x, dens
!  4.0000E+03 =    Tkin
!  1.0000E+05 =      dv
!  1.0000E+00 =     n_x
!  1.0000E+19 =  Ncol_x
!  1.0000E+07 =      H2
!  0.0000E+00 =       e
    7    6    323.4919  3.8019739E+11  7.8851792E+02   3.852E+03   2.177E+00   3.407E+03   8.117E-03   6.343E-03   3.627E+03   1.919E-04   5.029E-01   8.483E-11    9.0    7.0   3.083E-05   3.805E+07   4.892E+07 0
  230  226   5578.9592  3.8407719E+11  7.8055263E+02  -1.735E+01  -5.949E-02   1.728E+00   1.676E-06   4.506E-07   1.839E+00   1.003E-07   1.023E+00   2.981E-14    9.0    7.0   3.051E-05   3.652E+07   4.696E+07 0
  308  307   6304.3323  3.9267877E+11  7.6345471E+02  -2.996E+02  -4.808E-04   1.487E-01   7.659E-08   6.346E-08   1.582E-01   9.225E-09   1.000E+00   3.495E-15   17.0   15.0   6.190E-05   6.933E+07   7.858E+07 0
  408  405   7165.4217  3.9514864E+11  7.5868274E+02   3.316E+00   1.801E-07   8.039E-09   4.610E-06   1.405E-03   8.557E-09   5.083E-16   1.000E+00   8.538E-16   29.0   29.0   7.880E-14   8.662E-02   8.662E-02 0
!    56/    60:     3    1    1    4    4 /     3    1    1    5    4  Loop order: Tkin, dv, n_x, Ncol_x, dens
!  4.0000E+03 =    Tkin
!  1.0000E+05 =      dv
!  1.0000E+00 =     n_x
!  1.0000E+19 =  Ncol_x
!  1.0000E+05 =      H2
!  0.0000E+00 =       e
    7    6    323.4919  3.8019739E+11  7.8851792E+02  -1.136E+03  -8.120E+00   3.845E+06   9.018E-03   6.902E-03   4.093E+06   2.166E-01   1.339E+02   6.756E-09    9.0    7.0   3.083E-05   3.805E+07   4.892E+07 0
  230  226   5578.9592  3.8407719E+11  7.8055263E+02  -1.349E+02  -2.084E-06   3.008E-04   3.008E-10   2.041E-10   3.202E-04   1.746E-11   1.000E+00   8.589E-16    9.0    7.0   3.051E-05   3.652E+07   4.696E+07 0
  308  307   6304.3323  3.9267877E+11  7.6345471E+02   3.703E+02   1.204E-06   4.345E-04   2.239E-10   2.079E-10   4.625E-04   2.696E-11   1.000E+00   8.615E-16   17.0   15.0   6.190E-05   6.933E+07   7.858E+07 0
  408  405   7165.4217  3.9514864E+11  7.5868274E+02   1.305E+00   1.033E-07  -1.837E-09   3.918E-10   8.029E-04  -1.956E-09  -1.162E-16   1.000E+00   8.538E-16   29.0   29.0   7.880E-14   8.662E-02   8.662E-02 0
!    57/    60:     3    1    1    5    1 /     3    1    1    5    4  Loop order: Tkin, dv, n_x, Ncol_x, dens
!  4.0000E+03 =    Tkin
!  1.0000E+05 =      dv
!  1.0000E+00 =     n_x
!  1.0000E+20 =  Ncol_x
!  1.0000E+12 =      H2
!  0.0000E+00 =       e
    7    6    323.4919  3.8019739E+11  7.8851792E+02   3.286E+03   1.042E+01   3.277E+03   3.313E-03   2.591E-03   3.489E+03   1.846E-04   1.413E-01   1.250E-10    9.0    7.0   3.083E-05   3.805E+07   4.892E+07 1
  230  226   5578.9592  3.8407719E+11  7.8055263E+02   5.539E+03   1.477E+00   4.267E+03   8.169E-04   6.375E-04   4.542E+03   2.478E-04   6.111E-01   9.746E-11    9.0    7.0   3.051E-05   3.652E+07   4.696E+07 1
  308  307   6304.3323  3.9267877E+11  7.6345471E+02   4.681E+03   5.628E+00   4.655E+03   1.355E-03   1.200E-03   4.955E+03   2.889E-04   2.501E-01   1.660E-10   17.0   15.0   6.190E-05   6.933E+07   7.858E+07 1
  408  405   7165.4217  3.9514864E+11  7.5868274E+02   1.384E+03   3.376E-08   4.643E-05   1.903E-03   1.929E-03   4.942E-05   2.936E-12   1.000E+00   8.538E-16   29.0   29.0   7.880E-14   8.662E-02   8.662E-02 1
!    58/    60:     3    1    1    5    2 /     3    1    1    5    4  Loop order: Tkin, dv, n_x, Ncol_x, dens
!  4.0000E+03 =    Tkin
!  1.0000E+05 =      dv
!  1.0000E+00 =     n_x
!  1.0000E+20 =  Ncol_x
!  1.0000E+10 =      H2
!  0.0000E+00 =       e
    7    6    323.4919  3.8019739E+11  7.8851792E+02   1.049E+03   4.223E+01   1.040E+03   4.261E-03   3.372E-03   1.107E+03   5.859E-05   3.548E-02   4.456E-11    9.0    7.0   3.083E-05   3.805E+07   4.892E+07 1
  230  226   5578.9592  3.8407719E+11  7.8055263E+02  -4.593E+02  -3.257E+00   1.170E+04   1.527E-04   1.141E-04   1.245E+04   6.793E-04   4.715E+00   7.891E-11    9.0    7.0   3.051E-05   3.652E+07   4.696E+07 1
  308  307   6304.3323  3.9267877E+11  7.6345471E+02  -8.745E+02  -1.373E+01   8.147E+08   6.257E-04   5.403E-04   8.672E+08   5.055E+01   1.359E+04   5.691E-07   17.0   15.0   6.190E-05   6.933E+07   7.858E+07 1
  408  405   7165.4217  3.9514864E+11  7.5868274E+02   5.045E+01   9.036E-07   3.754E-05   1.540E-03   2.242E-03   3.996E-05   2.374E-12   1.000E+00   8.538E-16   29.0   29.0   7.880E-14   8.662E-02   8.662E-02 1
!    59/    60:     3    1    1    5    3 /     3    1    1    5    4  Loop order: Tkin, dv, n_x, Ncol_x, dens
!  4.0000E+03 =    Tkin
!  1.0000E+05 =      dv
!  1.0000E+00 =     n_x
!  1.0000E+20 =  Ncol_x
!  1.0000E+07 =      H2
!  0.0000E+00 =       e
    7    6    323.4919  3.8019739E+11  7.8851792E+02   3.668E+02   1.722E+02   3.577E+02   5.977E-03   4.886E-03   3.808E+02   2.015E-05   8.709E-03   1.575E-11    9.0    7.0   3.083E-05   3.805E+07   4.892E+07 0
  230  226   5578.9592  3.8407719E+11  7.8055263E+02  -7.286E+01  -3.931E+00   4.123E+03   3.243E-05   1.959E-05   4.388E+03   2.394E-04   7.046E+00   2.260E-11    9.0    7.0   3.051E-05   3.652E+07   4.696E+07 0
  308  307   6304.3323  3.9267877E+11  7.6345471E+02  -3.675E+02  -9.884E+00   7.398E+06   1.920E-04   1.610E-04   7.874E+06   4.590E-01   5.414E+02   9.652E-09   17.0   15.0   6.190E-05   6.933E+07   7.858E+07 0
  408  405   7165.4217  3.9514864E+11  7.5868274E+02   1.978E+01   1.412E-06   1.662E-05   6.825E-04   1.780E-03   1.770E-05   1.051E-12   1.000E+00   8.541E-16   29.0   29.0   7.880E-14   8.662E-02   8.662E-02 0
!    60/    60:     3    1    1    5    4 /     3    1    1    5    4  Loop order: Tkin, dv, n_x, Ncol_x, dens
!  4.0000E+03 =    Tkin
!  1.0000E+05 =      dv
!  1.0000E+00 =     n_x
!  1.0000E+20 =  Ncol_x
!  1.0000E+05 =      H2
!  0.0000E+00 =       e
    7    6    323.4919  3.8019739E+11  7.8851792E+02   4.960E+02   1.394E+02   4.869E+02   6.584E-03   5.312E-03   5.183E+02   2.742E-05   1.076E-02   2.139E-11    9.0    7.0   3.083E-05   3.805E+07   4.892E+07 0
  230  226   5578.9592  3.8407719E+11  7.8055263E+02  -5.279E+01  -5.862E-01   4.986E+01   3.667E-06   2.011E-06   5.308E+01   2.895E-06   1.259E+00   7.347E-13    9.0    7.0   3.051E-05   3.652E+07   4.696E+07 0
  308  307   6304.3323  3.9267877E+11  7.6345471E+02  -1.108E+02  -7.594E+00   2.391E+05   4.715E-05   3.509E-05   2.545E+05   1.484E-02   8.950E+01   5.052E-10   17.0   15.0   6.190E-05   6.933E+07   7.858E+07 0
  408  405   7165.4217  3.9514864E+11  7.5868274E+02   1.250E+01   1.698E-06   9.018E-06   3.709E-04   1.691E-03   9.599E-06   5.702E-13   1.000E+00   8.540E-16   29.0   29.0   7.880E-14   8.662E-02   8.662E-02 0
