! iup ilow         Eup           freq            lam         Tex         tau          Tr         fup        flow      flux_K        flux        beta         Jnu    gup   glow         Aul         Bul         Blu q
!                    K             Hz         micron           K                       K                              K km/s   erg/cm2/s                     ...                       ...         ...         ...  
!     1/     1:     1    1    1    1    1 /     1    1    1    1    1  Loop order: Tkin, dv, n_x, Ncol_x, dens
!  1.5000E+01 =    Tkin
!  1.0000E+05 =      dv
!  1.0000E+00 =     n_x
!  1.0000E+20 =  Ncol_x
!  9.9992E+03 =     pH2
!  7.6146E-01 =     oH2
    1    0      5.5321  1.1527120E+11  2.6007576E+03  1.500E+001  7.598E+003  1.161E+001  3.597E-001  1.734E-001  1.236E+001  1.823E-008  1.974E-004  5.063E-014    3.0    1.0  7.203E-008  3.189E+006  9.568E+006 1
    2    1     16.5962  2.3053700E+11  1.3004093E+03  1.500E+001  1.776E+004  9.928E+000  2.867E-001  3.597E-001  1.057E+001  1.247E-007  8.444E-005  1.656E-013    5.0    3.0  6.910E-007  3.825E+006  6.375E+006 1
    3    2     33.1918  3.4579839E+11  8.6695736E+02  1.500E+001  1.634E+004  8.150E+000  1.327E-001  2.867E-001  8.676E+000  3.454E-007  9.182E-005  3.013E-013    7.0    5.0  2.497E-006  4.095E+006  5.734E+006 1
    4    3     55.3183  4.6104039E+11  6.5025205E+02  1.500E+001  8.287E+003  6.545E+000  3.903E-002  1.327E-001  6.967E+000  6.573E-007  1.810E-004  4.284E-013    9.0    7.0  6.126E-006  4.240E+006  5.451E+006 1
    5    4     82.9746  5.7626599E+11  5.2023278E+02  1.499E+001  2.581E+003  5.180E+000  7.534E-003  3.903E-002  5.514E+000  1.016E-006  5.811E-004  5.289E-013   11.0    9.0  1.221E-005  4.327E+006  5.289E+006 1
    6    5    116.1602  6.9147520E+11  4.3355489E+02  1.489E+001  5.172E+002  4.004E+000  9.591E-004  7.534E-003  4.262E+000  1.357E-006  2.900E-003  5.868E-013   13.0   11.0  2.137E-005  4.384E+006  5.181E+006 1
    7    6    154.8732  8.0665003E+11  3.7165121E+02  1.353E+001  6.851E+001  2.346E+000  6.326E-005  9.591E-004  2.497E+000  1.262E-006  2.189E-002  4.590E-013   15.0   13.0  3.422E-005  4.422E+006  5.102E+006 1
    8    7    199.1126  9.2179946E+11  3.2522525E+02  9.162E+000  4.695E+000  3.523E-001  5.735E-007  6.326E-005  3.751E-001  2.828E-007  2.920E-001  6.603E-014   17.0   15.0  5.134E-005  4.445E+006  5.038E+006 1
